102,35
3,2
3,1
3,3
10,8
10,212
10,26
10,222
10,82
10,294
10,134
10,20
11,10
11,14
11,16
9,4
9,6
8,8
8,14
8,7
8,18
8,10
8,12
8,15
8,2
8,3
93,3
93,2
93,1
93,0
92,3
92,2
92,1
92,0
53,3
53,2
53,1
53,0
51,3
51,2
51,1
51,0
50,3
50,2
50,1
50,0
49,3
49,2
49,1
26,3
26,1
25,3
25,2
25,1
20,3
20,2
20,1
19,3
19,2
19,1
18,3
18,1
14,1
12,3
14,3
12,2
13,1
12,1
11,27
11,26
11,25
11,24
11,23
11,22
11,21
11,20
11,19
11,18
11,17
11,15
11,13
11,11
11,9
13,3
11,8
11,7
11,6
11,5
11,4
11,3
11,2
11,1
10,297
10,288
10,277
10,273
10,263
10,244
10,219
